0.0,0.0,174.0,174.0,173.0,174.0,174.0
1000.0,14.0,133.0,135.0,132.0,128.0,101.0
2000.0,25.0,127.0,122.0,117.0,133.0,111.0
3000.0,32.0,116.0,120.0,115.0,138.0,105.0
4000.0,52.0,138.0,133.0,119.0,131.0,99.0
5000.0,69.0,137.0,122.0,128.0,118.0,99.0
6000.0,78.0,140.0,128.0,124.0,111.0,96.0
7000.0,97.0,134.0,126.0,112.0,124.0,86.0
8000.0,99.0,144.0,131.0,113.0,132.0,86.0
9000.0,104.0,141.0,123.0,112.0,140.0,80.0
10000.0,111.0,137.0,124.0,110.0,144.0,79.0
11000.0,132.0,132.0,124.0,97.0,138.0,77.0
12000.0,136.0,134.0,128.0,97.0,143.0,77.0
13000.0,135.0,130.0,121.0,100.0,140.0,70.0
14000.0,151.0,138.0,110.0,93.0,138.0,70.0
15000.0,155.0,127.0,101.0,95.0,141.0,80.0
16000.0,157.0,126.0,111.0,94.0,134.0,74.0
17000.0,172.0,125.0,125.0,91.0,134.0,73.0
18000.0,176.0,123.0,114.0,94.0,139.0,63.0
19000.0,184.0,123.0,116.0,90.0,142.0,65.0
20000.0,201.0,117.0,109.0,83.0,134.0,61.0
21000.0,204.0,113.0,112.0,96.0,132.0,58.0
22000.0,215.0,109.0,114.0,83.0,125.0,58.0
23000.0,222.0,108.0,125.0,88.0,113.0,55.0
24000.0,230.0,108.0,116.0,80.0,118.0,58.0
25000.0,251.0,111.0,103.0,78.0,111.0,59.0
26000.0,258.0,98.0,107.0,79.0,107.0,53.0
27000.0,261.0,99.0,113.0,79.0,105.0,61.0
28000.0,271.0,91.0,114.0,80.0,111.0,63.0
29000.0,267.0,89.0,124.0,81.0,106.0,53.0
30000.0,266.0,85.0,117.0,82.0,108.0,66.0
31000.0,284.0,91.0,117.0,77.0,114.0,59.0
32000.0,281.0,91.0,116.0,75.0,110.0,59.0
33000.0,290.0,89.0,113.0,82.0,114.0,55.0
34000.0,283.0,84.0,113.0,80.0,115.0,52.0
35000.0,297.0,77.0,108.0,79.0,105.0,59.0
36000.0,316.0,75.0,115.0,81.0,106.0,56.0
37000.0,314.0,75.0,118.0,79.0,105.0,54.0
38000.0,310.0,75.0,108.0,80.0,103.0,55.0
39000.0,321.0,74.0,105.0,80.0,107.0,53.0
40000.0,332.0,69.0,95.0,76.0,104.0,50.0
41000.0,345.0,70.0,96.0,77.0,115.0,49.0
42000.0,336.0,73.0,98.0,79.0,123.0,52.0
43000.0,349.0,72.0,97.0,71.0,115.0,43.0
44000.0,346.0,71.0,91.0,63.0,116.0,41.0
45000.0,357.0,67.0,96.0,57.0,121.0,34.0
46000.0,368.0,65.0,88.0,57.0,119.0,42.0
47000.0,360.0,69.0,88.0,56.0,122.0,42.0
48000.0,366.0,62.0,95.0,55.0,125.0,42.0
49000.0,359.0,60.0,98.0,57.0,112.0,38.0
50000.0,376.0,64.0,102.0,56.0,110.0,36.0
51000.0,375.0,59.0,99.0,61.0,110.0,32.0
52000.0,394.0,56.0,98.0,58.0,104.0,38.0
53000.0,406.0,50.0,87.0,58.0,108.0,36.0
54000.0,403.0,47.0,91.0,60.0,119.0,35.0
55000.0,414.0,47.0,87.0,61.0,117.0,35.0
56000.0,406.0,50.0,96.0,57.0,109.0,35.0
57000.0,413.0,46.0,97.0,58.0,107.0,34.0
58000.0,426.0,44.0,93.0,54.0,112.0,37.0
59000.0,421.0,44.0,89.0,53.0,106.0,39.0
60000.0,434.0,51.0,90.0,54.0,110.0,33.0
61000.0,432.0,44.0,94.0,57.0,102.0,32.0
62000.0,447.0,41.0,90.0,58.0,103.0,37.0
63000.0,450.0,40.0,88.0,52.0,101.0,33.0
64000.0,450.0,38.0,95.0,46.0,106.0,38.0
65000.0,460.0,40.0,99.0,46.0,99.0,37.0
66000.0,470.0,38.0,97.0,42.0,90.0,37.0
67000.0,488.0,36.0,87.0,42.0,95.0,38.0
68000.0,486.0,35.0,84.0,44.0,89.0,34.0
69000.0,486.0,33.0,80.0,42.0,92.0,34.0
70000.0,497.0,36.0,79.0,37.0,92.0,33.0
71000.0,494.0,35.0,75.0,38.0,96.0,35.0
72000.0,507.0,36.0,68.0,42.0,90.0,32.0
73000.0,528.0,32.0,70.0,43.0,85.0,29.0
74000.0,534.0,29.0,69.0,43.0,88.0,31.0
75000.0,534.0,25.0,61.0,44.0,89.0,32.0
76000.0,537.0,18.0,69.0,43.0,90.0,30.0
77000.0,537.0,25.0,67.0,43.0,91.0,31.0
78000.0,528.0,27.0,65.0,43.0,93.0,35.0
79000.0,525.0,18.0,67.0,40.0,92.0,27.0
80000.0,535.0,24.0,68.0,35.0,90.0,27.0
81000.0,549.0,20.0,65.0,33.0,91.0,29.0
82000.0,560.0,18.0,68.0,37.0,85.0,22.0
83000.0,554.0,21.0,71.0,37.0,81.0,24.0
84000.0,553.0,22.0,67.0,39.0,83.0,25.0
85000.0,561.0,26.0,57.0,36.0,78.0,20.0
86000.0,586.0,25.0,53.0,33.0,77.0,25.0
87000.0,571.0,26.0,54.0,32.0,82.0,25.0
88000.0,588.0,22.0,59.0,26.0,78.0,22.0
89000.0,607.0,23.0,55.0,27.0,72.0,21.0
90000.0,608.0,21.0,52.0,28.0,78.0,19.0
91000.0,608.0,19.0,52.0,34.0,74.0,16.0
92000.0,620.0,18.0,48.0,27.0,69.0,17.0
93000.0,614.0,20.0,49.0,27.0,68.0,16.0
94000.0,637.0,21.0,46.0,27.0,73.0,17.0
95000.0,628.0,15.0,43.0,25.0,71.0,18.0
96000.0,643.0,15.0,45.0,24.0,69.0,17.0
97000.0,637.0,18.0,41.0,24.0,70.0,16.0
98000.0,643.0,15.0,43.0,26.0,64.0,16.0
99000.0,645.0,17.0,40.0,29.0,70.0,15.0
100000.0,644.0,18.0,41.0,27.0,74.0,16.0
101000.0,630.0,16.0,45.0,30.0,71.0,13.0
102000.0,646.0,15.0,42.0,34.0,61.0,14.0
103000.0,654.0,13.0,39.0,31.0,61.0,16.0
104000.0,657.0,13.0,39.0,32.0,57.0,16.0
105000.0,644.0,15.0,43.0,32.0,58.0,13.0
106000.0,637.0,21.0,39.0,36.0,58.0,14.0
107000.0,636.0,20.0,41.0,37.0,59.0,13.0
108000.0,637.0,20.0,45.0,36.0,61.0,16.0
109000.0,649.0,18.0,41.0,38.0,63.0,14.0
110000.0,649.0,16.0,39.0,38.0,56.0,13.0
111000.0,654.0,13.0,36.0,38.0,58.0,13.0
112000.0,640.0,15.0,38.0,39.0,60.0,11.0
113000.0,651.0,14.0,39.0,34.0,63.0,13.0
114000.0,646.0,13.0,40.0,39.0,66.0,11.0
115000.0,659.0,12.0,32.0,35.0,65.0,8.0
116000.0,653.0,14.0,38.0,33.0,59.0,10.0
117000.0,658.0,9.0,37.0,31.0,63.0,11.0
118000.0,659.0,10.0,38.0,34.0,56.0,14.0
119000.0,670.0,9.0,36.0,32.0,58.0,10.0
120000.0,668.0,9.0,36.0,28.0,51.0,11.0
121000.0,664.0,7.0,39.0,30.0,57.0,10.0
122000.0,669.0,8.0,34.0,27.0,59.0,9.0
123000.0,662.0,8.0,38.0,31.0,61.0,9.0
124000.0,674.0,12.0,35.0,26.0,60.0,10.0
125000.0,687.0,11.0,32.0,25.0,62.0,9.0
126000.0,700.0,10.0,33.0,24.0,60.0,9.0
127000.0,687.0,9.0,30.0,22.0,60.0,9.0
128000.0,697.0,7.0,32.0,23.0,59.0,10.0
129000.0,702.0,8.0,31.0,23.0,57.0,9.0
130000.0,700.0,8.0,28.0,19.0,54.0,11.0
131000.0,708.0,5.0,26.0,21.0,53.0,9.0
132000.0,696.0,9.0,26.0,18.0,55.0,9.0
133000.0,704.0,11.0,25.0,20.0,54.0,12.0
134000.0,705.0,9.0,24.0,21.0,51.0,10.0
135000.0,696.0,13.0,26.0,22.0,48.0,11.0
136000.0,706.0,9.0,29.0,22.0,50.0,14.0
137000.0,700.0,11.0,25.0,24.0,43.0,7.0
138000.0,708.0,11.0,25.0,22.0,43.0,9.0
139000.0,703.0,14.0,25.0,21.0,43.0,9.0
140000.0,713.0,16.0,24.0,18.0,41.0,9.0
141000.0,700.0,15.0,23.0,20.0,43.0,11.0
142000.0,704.0,16.0,22.0,17.0,42.0,12.0
143000.0,713.0,14.0,24.0,20.0,38.0,9.0
144000.0,722.0,14.0,26.0,19.0,40.0,11.0
145000.0,713.0,15.0,27.0,24.0,42.0,8.0
146000.0,721.0,12.0,26.0,20.0,41.0,11.0
147000.0,718.0,12.0,29.0,22.0,40.0,12.0
148000.0,727.0,12.0,26.0,17.0,42.0,11.0
149000.0,708.0,13.0,26.0,17.0,42.0,13.0
150000.0,709.0,12.0,29.0,15.0,41.0,13.0
151000.0,705.0,11.0,25.0,16.0,41.0,13.0
152000.0,721.0,10.0,32.0,16.0,38.0,13.0
153000.0,718.0,11.0,26.0,15.0,38.0,15.0
154000.0,726.0,9.0,24.0,15.0,34.0,14.0
155000.0,728.0,10.0,26.0,17.0,34.0,14.0
156000.0,727.0,12.0,25.0,16.0,34.0,12.0
157000.0,734.0,13.0,23.0,15.0,29.0,15.0
158000.0,731.0,16.0,24.0,15.0,30.0,14.0
159000.0,734.0,17.0,23.0,15.0,29.0,17.0
160000.0,743.0,19.0,21.0,20.0,27.0,14.0
161000.0,746.0,17.0,19.0,19.0,28.0,11.0
162000.0,751.0,16.0,17.0,18.0,30.0,9.0
163000.0,739.0,14.0,20.0,17.0,31.0,9.0
164000.0,732.0,14.0,22.0,20.0,29.0,9.0
165000.0,737.0,13.0,20.0,19.0,28.0,15.0
166000.0,734.0,14.0,21.0,19.0,29.0,14.0
167000.0,724.0,14.0,24.0,18.0,28.0,14.0
168000.0,728.0,15.0,23.0,18.0,28.0,12.0
169000.0,737.0,19.0,23.0,19.0,27.0,11.0
170000.0,739.0,17.0,20.0,19.0,29.0,11.0
171000.0,739.0,15.0,19.0,19.0,27.0,15.0
172000.0,736.0,15.0,16.0,21.0,27.0,17.0
173000.0,736.0,17.0,15.0,20.0,25.0,14.0
174000.0,750.0,16.0,14.0,21.0,25.0,16.0
175000.0,746.0,16.0,13.0,23.0,26.0,16.0
176000.0,740.0,15.0,12.0,20.0,26.0,18.0
177000.0,734.0,16.0,11.0,24.0,26.0,15.0
178000.0,734.0,16.0,11.0,25.0,28.0,15.0
179000.0,740.0,18.0,12.0,26.0,24.0,16.0
180000.0,738.0,18.0,10.0,26.0,24.0,15.0
181000.0,731.0,16.0,11.0,26.0,27.0,14.0
182000.0,736.0,20.0,10.0,25.0,27.0,17.0
183000.0,738.0,19.0,10.0,24.0,25.0,17.0
184000.0,747.0,16.0,10.0,24.0,27.0,16.0
185000.0,744.0,13.0,11.0,25.0,25.0,15.0
186000.0,763.0,11.0,13.0,22.0,20.0,14.0
187000.0,750.0,15.0,14.0,20.0,22.0,12.0
188000.0,750.0,18.0,14.0,22.0,21.0,13.0
189000.0,739.0,16.0,16.0,24.0,20.0,15.0
190000.0,738.0,18.0,12.0,21.0,22.0,15.0
191000.0,738.0,17.0,15.0,19.0,25.0,18.0
192000.0,734.0,17.0,14.0,21.0,23.0,19.0
193000.0,738.0,20.0,15.0,19.0,25.0,21.0
194000.0,734.0,17.0,14.0,20.0,21.0,16.0
195000.0,744.0,20.0,14.0,22.0,20.0,17.0
196000.0,741.0,19.0,16.0,18.0,21.0,13.0
197000.0,749.0,19.0,14.0,19.0,22.0,12.0
198000.0,743.0,18.0,14.0,19.0,23.0,13.0
199000.0,743.0,18.0,13.0,16.0,23.0,13.0
200000.0,746.0,17.0,12.0,15.0,29.0,9.0
201000.0,749.0,20.0,9.0,12.0,26.0,11.0
202000.0,764.0,18.0,8.0,14.0,24.0,12.0
203000.0,752.0,18.0,8.0,15.0,27.0,9.0
204000.0,753.0,19.0,9.0,16.0,29.0,9.0
205000.0,751.0,17.0,8.0,12.0,27.0,10.0
206000.0,761.0,20.0,7.0,14.0,27.0,7.0
207000.0,747.0,13.0,10.0,18.0,30.0,7.0
208000.0,760.0,15.0,12.0,14.0,26.0,9.0
209000.0,749.0,14.0,12.0,15.0,28.0,12.0
210000.0,748.0,18.0,10.0,14.0,27.0,14.0
211000.0,751.0,15.0,10.0,12.0,24.0,16.0
212000.0,747.0,10.0,9.0,13.0,27.0,15.0
213000.0,742.0,12.0,10.0,17.0,32.0,11.0
214000.0,749.0,12.0,12.0,13.0,27.0,11.0
215000.0,748.0,11.0,13.0,15.0,29.0,12.0
216000.0,748.0,11.0,12.0,17.0,26.0,11.0
217000.0,743.0,14.0,12.0,16.0,26.0,15.0
218000.0,728.0,12.0,14.0,18.0,32.0,18.0
219000.0,745.0,12.0,13.0,16.0,32.0,17.0
220000.0,743.0,11.0,13.0,16.0,32.0,14.0
221000.0,735.0,11.0,11.0,15.0,35.0,17.0
222000.0,737.0,9.0,12.0,14.0,31.0,14.0
223000.0,747.0,6.0,15.0,14.0,35.0,13.0
224000.0,754.0,5.0,16.0,15.0,33.0,11.0
225000.0,747.0,9.0,14.0,17.0,34.0,10.0
226000.0,756.0,9.0,15.0,17.0,34.0,9.0
227000.0,750.0,10.0,13.0,14.0,34.0,8.0
228000.0,749.0,10.0,14.0,14.0,29.0,9.0
229000.0,756.0,9.0,14.0,13.0,32.0,8.0
230000.0,762.0,11.0,16.0,13.0,34.0,9.0
231000.0,758.0,11.0,15.0,12.0,33.0,10.0
232000.0,746.0,10.0,17.0,12.0,32.0,14.0
233000.0,754.0,11.0,22.0,9.0,26.0,10.0
234000.0,748.0,14.0,22.0,10.0,30.0,6.0
235000.0,743.0,11.0,21.0,11.0,33.0,7.0
236000.0,749.0,10.0,24.0,10.0,31.0,9.0
237000.0,755.0,8.0,25.0,9.0,31.0,8.0
238000.0,754.0,10.0,21.0,13.0,28.0,8.0
239000.0,758.0,10.0,21.0,12.0,28.0,7.0
240000.0,760.0,11.0,21.0,8.0,31.0,10.0
241000.0,768.0,9.0,20.0,11.0,29.0,7.0
242000.0,765.0,8.0,19.0,7.0,28.0,6.0
243000.0,770.0,10.0,17.0,9.0,28.0,6.0
244000.0,759.0,11.0,19.0,8.0,31.0,6.0
245000.0,764.0,10.0,19.0,7.0,29.0,5.0
246000.0,773.0,9.0,18.0,8.0,29.0,5.0
247000.0,783.0,7.0,17.0,9.0,26.0,6.0
248000.0,773.0,5.0,16.0,12.0,28.0,5.0
249000.0,772.0,8.0,15.0,12.0,29.0,7.0
250000.0,764.0,9.0,14.0,13.0,27.0,7.0
251000.0,767.0,9.0,16.0,11.0,27.0,6.0
252000.0,764.0,7.0,14.0,9.0,27.0,7.0
253000.0,764.0,5.0,17.0,11.0,25.0,8.0
254000.0,764.0,4.0,15.0,13.0,25.0,6.0
255000.0,765.0,4.0,21.0,13.0,23.0,6.0
256000.0,773.0,7.0,18.0,15.0,21.0,6.0
257000.0,761.0,8.0,21.0,14.0,24.0,5.0
258000.0,761.0,8.0,24.0,13.0,22.0,6.0
259000.0,753.0,8.0,21.0,15.0,24.0,9.0
260000.0,752.0,10.0,20.0,14.0,22.0,11.0
261000.0,755.0,10.0,18.0,14.0,29.0,10.0
262000.0,761.0,8.0,21.0,14.0,28.0,9.0
263000.0,764.0,5.0,19.0,13.0,27.0,9.0
264000.0,762.0,7.0,21.0,10.0,28.0,8.0
265000.0,763.0,6.0,21.0,11.0,26.0,7.0
266000.0,757.0,9.0,18.0,11.0,33.0,6.0
267000.0,746.0,9.0,19.0,14.0,30.0,6.0
268000.0,751.0,10.0,22.0,13.0,29.0,8.0
269000.0,759.0,9.0,22.0,13.0,30.0,5.0
270000.0,754.0,7.0,18.0,13.0,32.0,6.0
271000.0,765.0,6.0,19.0,12.0,30.0,6.0
272000.0,766.0,7.0,20.0,11.0,28.0,6.0
273000.0,768.0,9.0,20.0,11.0,28.0,9.0
274000.0,773.0,8.0,16.0,13.0,26.0,7.0
275000.0,771.0,8.0,18.0,13.0,21.0,7.0
276000.0,771.0,10.0,16.0,13.0,20.0,8.0
277000.0,768.0,9.0,15.0,12.0,20.0,7.0
278000.0,766.0,11.0,16.0,11.0,29.0,8.0
279000.0,758.0,11.0,15.0,11.0,28.0,8.0
280000.0,761.0,11.0,13.0,11.0,29.0,9.0
281000.0,755.0,13.0,14.0,13.0,28.0,10.0
282000.0,754.0,8.0,17.0,13.0,28.0,9.0
283000.0,766.0,13.0,16.0,10.0,26.0,8.0
284000.0,770.0,12.0,17.0,7.0,28.0,8.0
285000.0,764.0,11.0,16.0,9.0,27.0,8.0
286000.0,759.0,12.0,19.0,9.0,28.0,11.0
287000.0,761.0,12.0,16.0,8.0,28.0,10.0
288000.0,770.0,9.0,13.0,8.0,27.0,9.0
289000.0,771.0,9.0,13.0,8.0,30.0,10.0
290000.0,762.0,8.0,15.0,8.0,27.0,12.0
291000.0,767.0,7.0,16.0,9.0,29.0,9.0
292000.0,765.0,5.0,16.0,9.0,29.0,8.0
293000.0,765.0,6.0,17.0,9.0,33.0,11.0
294000.0,754.0,6.0,19.0,9.0,29.0,12.0
295000.0,762.0,7.0,17.0,8.0,27.0,10.0
296000.0,761.0,6.0,19.0,7.0,31.0,11.0
297000.0,756.0,8.0,17.0,8.0,29.0,10.0
298000.0,761.0,6.0,18.0,9.0,31.0,10.0
299000.0,768.0,6.0,17.0,9.0,28.0,9.0
300000.0,770.0,7.0,18.0,11.0,30.0,10.0
301000.0,761.0,6.0,16.0,9.0,27.0,9.0
302000.0,767.0,5.0,15.0,9.0,28.0,10.0
303000.0,765.0,5.0,16.0,11.0,27.0,10.0
304000.0,757.0,10.0,16.0,10.0,28.0,12.0
305000.0,753.0,8.0,16.0,12.0,31.0,11.0
306000.0,751.0,7.0,13.0,9.0,33.0,10.0
307000.0,763.0,5.0,15.0,12.0,27.0,8.0
308000.0,751.0,9.0,20.0,9.0,30.0,8.0
309000.0,759.0,8.0,19.0,8.0,25.0,9.0
310000.0,767.0,9.0,17.0,9.0,24.0,8.0
311000.0,772.0,9.0,16.0,8.0,25.0,8.0
312000.0,770.0,12.0,18.0,7.0,23.0,9.0
313000.0,765.0,11.0,21.0,9.0,22.0,12.0
314000.0,764.0,11.0,22.0,9.0,20.0,9.0
315000.0,766.0,11.0,22.0,10.0,18.0,11.0
316000.0,766.0,11.0,22.0,8.0,17.0,9.0
317000.0,767.0,12.0,22.0,9.0,18.0,7.0
318000.0,762.0,12.0,23.0,10.0,18.0,10.0
319000.0,756.0,13.0,26.0,10.0,15.0,9.0
320000.0,773.0,13.0,25.0,11.0,12.0,9.0
321000.0,762.0,12.0,23.0,13.0,14.0,8.0
322000.0,757.0,12.0,24.0,12.0,12.0,9.0
323000.0,756.0,13.0,25.0,12.0,13.0,9.0
324000.0,765.0,11.0,24.0,10.0,12.0,10.0
325000.0,768.0,14.0,25.0,8.0,11.0,11.0
326000.0,772.0,13.0,26.0,8.0,10.0,9.0
327000.0,760.0,16.0,25.0,8.0,11.0,11.0
328000.0,770.0,16.0,24.0,8.0,10.0,12.0
329000.0,773.0,16.0,28.0,8.0,11.0,9.0
330000.0,769.0,13.0,26.0,8.0,13.0,8.0
331000.0,756.0,16.0,28.0,10.0,13.0,9.0
332000.0,770.0,14.0,21.0,5.0,17.0,8.0
333000.0,767.0,13.0,22.0,6.0,19.0,10.0
334000.0,768.0,13.0,23.0,7.0,17.0,7.0
335000.0,775.0,14.0,20.0,5.0,16.0,8.0
336000.0,773.0,10.0,21.0,6.0,18.0,7.0
337000.0,774.0,14.0,22.0,5.0,21.0,10.0
338000.0,768.0,13.0,23.0,7.0,18.0,8.0
339000.0,757.0,15.0,23.0,8.0,21.0,9.0
340000.0,751.0,14.0,22.0,5.0,19.0,12.0
341000.0,764.0,12.0,19.0,5.0,15.0,11.0
342000.0,774.0,10.0,24.0,6.0,16.0,11.0
343000.0,772.0,10.0,24.0,7.0,19.0,10.0
344000.0,776.0,7.0,21.0,6.0,18.0,8.0
345000.0,782.0,5.0,22.0,5.0,21.0,11.0
346000.0,787.0,5.0,19.0,5.0,17.0,10.0
347000.0,781.0,6.0,19.0,5.0,21.0,9.0
348000.0,774.0,7.0,18.0,6.0,20.0,11.0
349000.0,773.0,6.0,19.0,6.0,19.0,12.0
350000.0,782.0,6.0,17.0,5.0,17.0,8.0
351000.0,786.0,7.0,18.0,6.0,19.0,7.0
352000.0,795.0,5.0,16.0,7.0,17.0,5.0
353000.0,799.0,4.0,18.0,8.0,18.0,6.0
354000.0,796.0,3.0,16.0,8.0,17.0,7.0
355000.0,798.0,5.0,17.0,9.0,16.0,7.0
356000.0,792.0,4.0,17.0,9.0,17.0,9.0
357000.0,796.0,5.0,16.0,8.0,15.0,10.0
358000.0,795.0,6.0,15.0,9.0,17.0,9.0
359000.0,788.0,8.0,15.0,9.0,18.0,10.0
360000.0,794.0,5.0,16.0,8.0,17.0,9.0
361000.0,786.0,6.0,15.0,8.0,18.0,10.0
362000.0,793.0,5.0,13.0,7.0,19.0,8.0
363000.0,789.0,4.0,14.0,10.0,19.0,8.0
364000.0,776.0,7.0,16.0,11.0,22.0,8.0
365000.0,793.0,5.0,16.0,7.0,20.0,6.0
366000.0,799.0,5.0,14.0,7.0,21.0,5.0
367000.0,802.0,3.0,13.0,7.0,21.0,6.0
368000.0,795.0,3.0,11.0,7.0,22.0,6.0
369000.0,786.0,3.0,14.0,7.0,21.0,5.0
370000.0,782.0,4.0,17.0,7.0,21.0,5.0
371000.0,784.0,5.0,16.0,9.0,20.0,8.0
372000.0,793.0,4.0,11.0,8.0,18.0,6.0
373000.0,795.0,5.0,9.0,7.0,18.0,7.0
374000.0,804.0,4.0,15.0,8.0,19.0,6.0
375000.0,797.0,4.0,13.0,9.0,17.0,6.0
376000.0,795.0,4.0,12.0,10.0,16.0,4.0
377000.0,798.0,6.0,10.0,10.0,17.0,5.0
378000.0,798.0,11.0,9.0,8.0,19.0,5.0
379000.0,786.0,7.0,12.0,8.0,20.0,6.0
380000.0,786.0,6.0,13.0,8.0,16.0,4.0
381000.0,787.0,7.0,13.0,7.0,20.0,5.0
382000.0,791.0,7.0,13.0,5.0,20.0,6.0
383000.0,793.0,5.0,9.0,5.0,18.0,7.0
384000.0,793.0,7.0,11.0,5.0,18.0,6.0
385000.0,800.0,9.0,10.0,6.0,19.0,7.0
386000.0,791.0,6.0,11.0,7.0,19.0,7.0
387000.0,796.0,6.0,12.0,9.0,20.0,4.0
388000.0,792.0,6.0,12.0,9.0,18.0,6.0
389000.0,795.0,7.0,12.0,10.0,18.0,6.0
390000.0,790.0,7.0,13.0,10.0,17.0,5.0
391000.0,783.0,9.0,12.0,9.0,17.0,4.0
392000.0,787.0,9.0,11.0,8.0,17.0,5.0
393000.0,788.0,12.0,11.0,9.0,14.0,7.0
394000.0,789.0,7.0,12.0,9.0,13.0,9.0
395000.0,788.0,9.0,13.0,8.0,14.0,8.0
396000.0,792.0,10.0,12.0,9.0,13.0,9.0
397000.0,790.0,9.0,11.0,9.0,17.0,5.0
398000.0,790.0,8.0,12.0,8.0,14.0,5.0
399000.0,792.0,10.0,12.0,9.0,14.0,3.0
400000.0,786.0,8.0,12.0,9.0,13.0,4.0
401000.0,779.0,10.0,13.0,11.0,17.0,5.0
402000.0,776.0,11.0,12.0,7.0,22.0,6.0
403000.0,764.0,13.0,12.0,7.0,19.0,4.0
404000.0,770.0,15.0,12.0,7.0,21.0,5.0
405000.0,762.0,16.0,12.0,7.0,24.0,6.0
406000.0,774.0,11.0,10.0,7.0,25.0,6.0
407000.0,762.0,13.0,9.0,8.0,21.0,5.0
408000.0,769.0,15.0,9.0,7.0,22.0,4.0
409000.0,776.0,14.0,10.0,8.0,23.0,5.0
410000.0,776.0,15.0,10.0,8.0,24.0,6.0
411000.0,789.0,10.0,11.0,8.0,23.0,6.0
412000.0,784.0,10.0,10.0,8.0,24.0,5.0
413000.0,781.0,11.0,9.0,11.0,28.0,3.0
414000.0,785.0,9.0,6.0,12.0,24.0,3.0
415000.0,782.0,10.0,7.0,10.0,22.0,4.0
416000.0,781.0,11.0,7.0,11.0,20.0,4.0
417000.0,789.0,12.0,8.0,9.0,23.0,5.0
418000.0,776.0,12.0,9.0,8.0,20.0,6.0
419000.0,785.0,10.0,7.0,7.0,20.0,9.0
420000.0,786.0,11.0,8.0,10.0,18.0,7.0
421000.0,792.0,10.0,8.0,9.0,19.0,7.0
422000.0,787.0,11.0,10.0,8.0,16.0,9.0
423000.0,789.0,12.0,9.0,7.0,17.0,5.0
424000.0,790.0,13.0,11.0,9.0,17.0,6.0
425000.0,781.0,17.0,10.0,8.0,19.0,6.0
426000.0,787.0,14.0,10.0,9.0,17.0,7.0
427000.0,784.0,14.0,11.0,7.0,20.0,7.0
428000.0,789.0,14.0,10.0,6.0,20.0,6.0
429000.0,788.0,15.0,10.0,8.0,19.0,4.0
430000.0,793.0,16.0,9.0,8.0,18.0,5.0
431000.0,789.0,15.0,12.0,7.0,18.0,7.0
432000.0,785.0,15.0,12.0,7.0,18.0,5.0
433000.0,785.0,15.0,13.0,6.0,19.0,4.0
434000.0,792.0,15.0,13.0,6.0,18.0,4.0
435000.0,781.0,18.0,12.0,7.0,20.0,3.0
436000.0,777.0,19.0,11.0,6.0,23.0,3.0
437000.0,775.0,19.0,11.0,7.0,21.0,4.0
438000.0,777.0,18.0,13.0,6.0,18.0,2.0
439000.0,777.0,18.0,14.0,7.0,18.0,2.0
440000.0,779.0,22.0,14.0,7.0,20.0,5.0
441000.0,773.0,25.0,14.0,6.0,20.0,5.0
442000.0,770.0,25.0,14.0,6.0,22.0,4.0
443000.0,768.0,17.0,14.0,8.0,20.0,4.0
444000.0,772.0,18.0,16.0,6.0,20.0,5.0
445000.0,768.0,24.0,13.0,6.0,19.0,5.0
446000.0,777.0,19.0,13.0,8.0,20.0,5.0
447000.0,778.0,19.0,12.0,6.0,19.0,7.0
448000.0,772.0,21.0,12.0,6.0,18.0,8.0
449000.0,780.0,15.0,12.0,7.0,18.0,8.0
450000.0,783.0,15.0,12.0,6.0,18.0,8.0
451000.0,776.0,17.0,10.0,9.0,19.0,4.0
452000.0,769.0,18.0,11.0,7.0,17.0,7.0
453000.0,784.0,18.0,10.0,6.0,16.0,7.0
454000.0,776.0,15.0,12.0,5.0,14.0,6.0
455000.0,788.0,14.0,13.0,5.0,14.0,7.0
456000.0,783.0,18.0,11.0,5.0,12.0,8.0
457000.0,793.0,20.0,9.0,5.0,12.0,6.0
458000.0,788.0,20.0,9.0,6.0,12.0,6.0
459000.0,793.0,19.0,9.0,5.0,10.0,5.0
460000.0,794.0,21.0,8.0,4.0,10.0,5.0
461000.0,791.0,20.0,8.0,4.0,12.0,6.0
462000.0,787.0,18.0,8.0,5.0,15.0,5.0
463000.0,792.0,14.0,8.0,6.0,16.0,8.0
464000.0,789.0,18.0,8.0,8.0,14.0,5.0
465000.0,787.0,19.0,7.0,7.0,15.0,5.0
466000.0,791.0,18.0,7.0,6.0,12.0,4.0
467000.0,797.0,18.0,9.0,6.0,11.0,5.0
468000.0,796.0,14.0,11.0,6.0,10.0,7.0
469000.0,802.0,12.0,11.0,6.0,10.0,6.0
470000.0,800.0,10.0,11.0,6.0,11.0,6.0
471000.0,802.0,12.0,11.0,6.0,10.0,5.0
472000.0,806.0,10.0,8.0,6.0,11.0,4.0
473000.0,794.0,6.0,10.0,7.0,13.0,7.0
474000.0,794.0,6.0,9.0,9.0,9.0,8.0
475000.0,805.0,7.0,11.0,9.0,10.0,7.0
476000.0,802.0,9.0,12.0,10.0,9.0,6.0
477000.0,791.0,12.0,13.0,10.0,11.0,5.0
478000.0,793.0,12.0,11.0,9.0,15.0,4.0
479000.0,789.0,7.0,14.0,7.0,17.0,4.0
480000.0,796.0,6.0,14.0,7.0,14.0,4.0
481000.0,796.0,7.0,16.0,8.0,13.0,5.0
482000.0,793.0,6.0,13.0,8.0,11.0,4.0
483000.0,790.0,8.0,14.0,5.0,12.0,2.0
484000.0,803.0,7.0,15.0,8.0,9.0,2.0
485000.0,801.0,6.0,14.0,8.0,9.0,2.0
486000.0,799.0,11.0,13.0,7.0,10.0,2.0
487000.0,794.0,9.0,11.0,5.0,6.0,4.0
488000.0,803.0,9.0,13.0,5.0,7.0,4.0
489000.0,805.0,11.0,13.0,6.0,6.0,5.0
490000.0,794.0,13.0,15.0,7.0,10.0,4.0
491000.0,790.0,11.0,16.0,6.0,11.0,4.0
492000.0,794.0,10.0,17.0,5.0,13.0,4.0
493000.0,800.0,10.0,16.0,5.0,11.0,5.0
494000.0,799.0,11.0,14.0,5.0,9.0,9.0
495000.0,796.0,7.0,16.0,6.0,8.0,9.0
496000.0,804.0,7.0,14.0,6.0,8.0,8.0
497000.0,808.0,8.0,13.0,6.0,9.0,7.0
498000.0,806.0,8.0,13.0,6.0,9.0,6.0
499000.0,788.0,9.0,15.0,8.0,10.0,6.0
500000.0,794.0,8.0,12.0,7.0,11.0,6.0
501000.0,787.0,7.0,13.0,5.0,9.0,8.0
502000.0,783.0,7.0,14.0,8.0,10.0,7.0
503000.0,781.0,10.0,16.0,10.0,13.0,9.0
504000.0,779.0,10.0,13.0,9.0,10.0,10.0
505000.0,788.0,13.0,14.0,9.0,9.0,9.0
506000.0,789.0,12.0,14.0,9.0,9.0,9.0
507000.0,798.0,12.0,13.0,10.0,7.0,11.0
508000.0,782.0,13.0,16.0,9.0,8.0,10.0
509000.0,778.0,12.0,16.0,10.0,9.0,11.0
510000.0,779.0,13.0,15.0,10.0,9.0,9.0
511000.0,778.0,15.0,12.0,10.0,8.0,9.0
512000.0,773.0,16.0,14.0,9.0,7.0,10.0
513000.0,770.0,17.0,14.0,9.0,10.0,12.0
514000.0,776.0,18.0,11.0,8.0,10.0,11.0
515000.0,774.0,12.0,15.0,12.0,11.0,11.0
516000.0,778.0,15.0,13.0,10.0,11.0,10.0
517000.0,775.0,15.0,13.0,11.0,11.0,10.0
518000.0,772.0,14.0,15.0,12.0,11.0,9.0
519000.0,778.0,10.0,14.0,12.0,13.0,7.0
520000.0,778.0,12.0,13.0,12.0,13.0,7.0
521000.0,778.0,15.0,13.0,11.0,14.0,7.0
522000.0,772.0,16.0,11.0,11.0,12.0,7.0
523000.0,776.0,15.0,11.0,13.0,13.0,9.0
524000.0,774.0,12.0,16.0,12.0,15.0,8.0
525000.0,779.0,12.0,18.0,12.0,13.0,5.0
526000.0,771.0,12.0,16.0,11.0,14.0,11.0
527000.0,772.0,11.0,19.0,14.0,14.0,9.0
528000.0,769.0,15.0,18.0,12.0,13.0,12.0
529000.0,776.0,16.0,15.0,11.0,12.0,10.0
530000.0,779.0,17.0,18.0,13.0,12.0,8.0
531000.0,770.0,15.0,22.0,11.0,12.0,11.0
532000.0,778.0,11.0,22.0,11.0,13.0,8.0
533000.0,771.0,9.0,20.0,15.0,14.0,9.0
534000.0,773.0,9.0,21.0,11.0,14.0,8.0
535000.0,783.0,8.0,19.0,11.0,15.0,8.0
536000.0,785.0,5.0,15.0,12.0,14.0,10.0
537000.0,787.0,6.0,14.0,14.0,13.0,11.0
538000.0,782.0,8.0,14.0,13.0,14.0,12.0
539000.0,780.0,6.0,15.0,12.0,14.0,12.0
540000.0,785.0,6.0,14.0,13.0,13.0,11.0
541000.0,781.0,8.0,16.0,13.0,14.0,9.0
542000.0,789.0,8.0,16.0,11.0,12.0,6.0
543000.0,783.0,8.0,14.0,13.0,10.0,5.0
544000.0,790.0,9.0,14.0,11.0,12.0,8.0
545000.0,788.0,10.0,15.0,11.0,13.0,6.0
546000.0,785.0,8.0,15.0,10.0,11.0,8.0
547000.0,786.0,9.0,16.0,10.0,13.0,8.0
548000.0,779.0,9.0,15.0,10.0,13.0,10.0
549000.0,768.0,7.0,15.0,10.0,15.0,12.0
550000.0,777.0,13.0,16.0,10.0,14.0,8.0
551000.0,781.0,12.0,16.0,11.0,15.0,10.0
552000.0,775.0,11.0,15.0,12.0,16.0,8.0
553000.0,771.0,14.0,18.0,13.0,17.0,12.0
554000.0,773.0,9.0,15.0,11.0,15.0,8.0
555000.0,775.0,10.0,17.0,10.0,13.0,5.0
556000.0,772.0,9.0,19.0,11.0,14.0,8.0
557000.0,773.0,16.0,20.0,9.0,11.0,9.0
558000.0,781.0,15.0,19.0,9.0,9.0,6.0
559000.0,786.0,11.0,18.0,9.0,9.0,5.0
560000.0,787.0,10.0,17.0,8.0,12.0,5.0
561000.0,783.0,12.0,18.0,11.0,11.0,5.0
562000.0,776.0,9.0,21.0,10.0,11.0,5.0
563000.0,780.0,9.0,20.0,8.0,10.0,6.0
564000.0,785.0,8.0,21.0,9.0,12.0,7.0
565000.0,779.0,7.0,22.0,11.0,10.0,5.0
566000.0,783.0,8.0,25.0,8.0,11.0,4.0
567000.0,785.0,7.0,22.0,8.0,14.0,6.0
568000.0,791.0,8.0,18.0,10.0,13.0,5.0
569000.0,785.0,7.0,17.0,9.0,15.0,5.0
570000.0,785.0,8.0,17.0,10.0,15.0,6.0
571000.0,780.0,8.0,18.0,11.0,16.0,5.0
572000.0,779.0,6.0,21.0,14.0,15.0,4.0
573000.0,778.0,4.0,21.0,12.0,12.0,6.0
574000.0,779.0,4.0,21.0,13.0,12.0,6.0
575000.0,781.0,6.0,20.0,12.0,12.0,4.0
576000.0,795.0,4.0,21.0,11.0,11.0,5.0
577000.0,789.0,6.0,18.0,12.0,12.0,4.0
578000.0,794.0,7.0,18.0,10.0,12.0,6.0
579000.0,791.0,5.0,22.0,11.0,11.0,5.0
580000.0,792.0,3.0,22.0,13.0,11.0,6.0
581000.0,785.0,3.0,25.0,12.0,10.0,7.0
582000.0,781.0,3.0,24.0,13.0,8.0,8.0
583000.0,782.0,3.0,21.0,10.0,12.0,7.0
584000.0,794.0,3.0,23.0,9.0,10.0,6.0
585000.0,787.0,3.0,21.0,9.0,9.0,5.0
586000.0,794.0,2.0,22.0,10.0,11.0,8.0
587000.0,789.0,4.0,23.0,9.0,9.0,7.0
588000.0,785.0,6.0,24.0,10.0,12.0,9.0
589000.0,783.0,6.0,25.0,9.0,13.0,8.0
590000.0,786.0,8.0,21.0,9.0,15.0,11.0
591000.0,777.0,8.0,22.0,10.0,15.0,9.0
592000.0,775.0,7.0,20.0,11.0,16.0,8.0
593000.0,777.0,6.0,23.0,12.0,15.0,8.0
594000.0,779.0,4.0,25.0,13.0,15.0,7.0
595000.0,766.0,8.0,22.0,11.0,14.0,9.0
596000.0,770.0,9.0,22.0,10.0,20.0,9.0
597000.0,770.0,10.0,22.0,9.0,19.0,7.0
598000.0,764.0,10.0,18.0,10.0,20.0,6.0
599000.0,767.0,9.0,18.0,10.0,22.0,5.0
600000.0,775.0,8.0,18.0,11.0,16.0,3.0
601000.0,770.0,10.0,18.0,9.0,15.0,6.0
602000.0,785.0,8.0,19.0,8.0,18.0,6.0
603000.0,780.0,10.0,19.0,8.0,15.0,9.0
604000.0,779.0,9.0,22.0,8.0,16.0,8.0
605000.0,777.0,12.0,21.0,7.0,13.0,8.0
606000.0,777.0,11.0,20.0,8.0,13.0,10.0
607000.0,775.0,9.0,16.0,9.0,14.0,8.0
608000.0,790.0,9.0,16.0,11.0,13.0,8.0
609000.0,775.0,8.0,15.0,10.0,11.0,7.0
610000.0,787.0,6.0,14.0,11.0,15.0,7.0
611000.0,788.0,4.0,14.0,12.0,15.0,8.0
612000.0,784.0,6.0,11.0,11.0,18.0,7.0
613000.0,777.0,8.0,14.0,9.0,17.0,7.0
614000.0,775.0,7.0,14.0,11.0,14.0,6.0
615000.0,786.0,8.0,13.0,12.0,16.0,6.0
616000.0,781.0,7.0,16.0,12.0,15.0,4.0
617000.0,785.0,10.0,15.0,11.0,17.0,5.0
618000.0,766.0,11.0,19.0,12.0,17.0,6.0
619000.0,783.0,9.0,19.0,15.0,15.0,7.0
620000.0,777.0,9.0,17.0,16.0,16.0,8.0
621000.0,775.0,5.0,18.0,16.0,16.0,6.0
622000.0,777.0,5.0,16.0,13.0,19.0,7.0
623000.0,777.0,5.0,21.0,12.0,21.0,7.0
624000.0,775.0,6.0,22.0,12.0,19.0,6.0
625000.0,779.0,7.0,20.0,13.0,20.0,6.0
626000.0,771.0,8.0,19.0,14.0,25.0,9.0
627000.0,770.0,10.0,20.0,13.0,25.0,7.0
628000.0,756.0,9.0,16.0,13.0,22.0,7.0
629000.0,760.0,11.0,16.0,14.0,24.0,7.0
630000.0,757.0,11.0,15.0,13.0,22.0,8.0
631000.0,763.0,8.0,15.0,16.0,21.0,8.0
632000.0,765.0,8.0,16.0,14.0,21.0,8.0
633000.0,764.0,8.0,14.0,15.0,19.0,8.0
634000.0,766.0,9.0,17.0,11.0,24.0,10.0
635000.0,768.0,7.0,15.0,10.0,20.0,6.0
636000.0,769.0,8.0,17.0,11.0,29.0,5.0
637000.0,763.0,10.0,16.0,14.0,34.0,7.0
638000.0,773.0,13.0,13.0,11.0,29.0,4.0
639000.0,779.0,9.0,13.0,11.0,29.0,3.0
640000.0,775.0,10.0,16.0,15.0,29.0,3.0
641000.0,771.0,13.0,13.0,11.0,30.0,3.0
642000.0,764.0,11.0,14.0,11.0,27.0,4.0
643000.0,763.0,13.0,14.0,12.0,23.0,6.0
644000.0,773.0,12.0,15.0,14.0,24.0,6.0
645000.0,770.0,11.0,17.0,13.0,22.0,3.0
646000.0,762.0,12.0,16.0,16.0,27.0,4.0
647000.0,767.0,16.0,17.0,12.0,25.0,4.0
648000.0,780.0,11.0,19.0,10.0,25.0,3.0
649000.0,765.0,12.0,16.0,12.0,27.0,4.0
650000.0,763.0,12.0,18.0,12.0,27.0,4.0
651000.0,763.0,11.0,17.0,12.0,27.0,4.0
652000.0,761.0,12.0,16.0,11.0,29.0,4.0
653000.0,763.0,17.0,15.0,11.0,29.0,3.0
654000.0,757.0,16.0,14.0,11.0,30.0,3.0
655000.0,764.0,17.0,14.0,12.0,29.0,4.0
656000.0,759.0,23.0,15.0,12.0,27.0,4.0
657000.0,757.0,18.0,16.0,11.0,26.0,4.0
658000.0,758.0,19.0,17.0,11.0,27.0,5.0
659000.0,765.0,17.0,17.0,11.0,28.0,6.0
660000.0,760.0,19.0,18.0,10.0,25.0,8.0
661000.0,756.0,18.0,17.0,10.0,21.0,8.0
662000.0,768.0,17.0,18.0,11.0,21.0,8.0
663000.0,756.0,17.0,16.0,11.0,20.0,8.0
664000.0,767.0,17.0,15.0,12.0,18.0,9.0
665000.0,767.0,13.0,14.0,12.0,19.0,10.0
666000.0,770.0,15.0,16.0,12.0,20.0,8.0
667000.0,759.0,15.0,18.0,15.0,23.0,9.0
668000.0,764.0,15.0,20.0,11.0,22.0,8.0
669000.0,763.0,14.0,21.0,10.0,21.0,9.0
670000.0,770.0,14.0,22.0,12.0,19.0,7.0
671000.0,767.0,14.0,21.0,12.0,16.0,7.0
672000.0,766.0,13.0,22.0,11.0,16.0,6.0
673000.0,765.0,14.0,20.0,11.0,17.0,6.0
674000.0,763.0,12.0,20.0,10.0,17.0,7.0
675000.0,767.0,13.0,20.0,10.0,18.0,11.0
676000.0,766.0,11.0,16.0,9.0,19.0,11.0
677000.0,759.0,11.0,19.0,9.0,23.0,10.0
678000.0,765.0,8.0,18.0,10.0,17.0,8.0
679000.0,770.0,10.0,17.0,13.0,18.0,9.0
680000.0,774.0,12.0,16.0,11.0,17.0,8.0
681000.0,766.0,11.0,18.0,11.0,17.0,9.0
682000.0,768.0,11.0,16.0,11.0,19.0,10.0
683000.0,773.0,9.0,16.0,12.0,19.0,11.0
684000.0,768.0,9.0,16.0,14.0,17.0,11.0
685000.0,777.0,10.0,15.0,16.0,15.0,12.0
686000.0,773.0,9.0,16.0,15.0,14.0,16.0
687000.0,767.0,15.0,14.0,16.0,17.0,14.0
688000.0,765.0,14.0,16.0,16.0,15.0,14.0
689000.0,769.0,12.0,18.0,16.0,16.0,14.0
690000.0,763.0,10.0,18.0,15.0,15.0,15.0
691000.0,767.0,8.0,18.0,16.0,16.0,13.0
692000.0,777.0,9.0,19.0,14.0,16.0,13.0
693000.0,769.0,8.0,19.0,15.0,15.0,14.0
694000.0,770.0,13.0,18.0,16.0,15.0,14.0
695000.0,763.0,12.0,19.0,14.0,13.0,11.0
696000.0,767.0,13.0,18.0,14.0,13.0,13.0
697000.0,781.0,14.0,18.0,14.0,11.0,11.0
698000.0,767.0,13.0,17.0,15.0,14.0,11.0
699000.0,774.0,11.0,18.0,14.0,14.0,10.0
700000.0,783.0,10.0,15.0,17.0,15.0,9.0
701000.0,775.0,9.0,13.0,14.0,14.0,8.0
702000.0,764.0,10.0,12.0,14.0,16.0,13.0
703000.0,774.0,9.0,13.0,13.0,17.0,10.0
704000.0,770.0,10.0,14.0,13.0,16.0,10.0
705000.0,762.0,10.0,16.0,16.0,14.0,11.0
706000.0,767.0,13.0,18.0,15.0,12.0,10.0
707000.0,765.0,17.0,17.0,15.0,15.0,8.0
708000.0,775.0,13.0,19.0,13.0,14.0,7.0
709000.0,768.0,12.0,16.0,15.0,13.0,9.0
710000.0,770.0,9.0,18.0,15.0,13.0,9.0
711000.0,769.0,10.0,19.0,12.0,17.0,11.0
712000.0,760.0,12.0,17.0,14.0,17.0,13.0
713000.0,751.0,11.0,18.0,12.0,23.0,13.0
714000.0,752.0,13.0,19.0,13.0,22.0,11.0
715000.0,763.0,11.0,19.0,13.0,22.0,9.0
716000.0,766.0,9.0,20.0,9.0,20.0,10.0
717000.0,770.0,10.0,21.0,8.0,19.0,10.0
718000.0,773.0,10.0,19.0,8.0,19.0,11.0
719000.0,767.0,13.0,20.0,8.0,19.0,10.0
720000.0,768.0,14.0,18.0,11.0,20.0,10.0
721000.0,767.0,13.0,15.0,11.0,21.0,11.0
722000.0,764.0,10.0,16.0,12.0,20.0,13.0
723000.0,770.0,11.0,16.0,13.0,18.0,10.0
724000.0,771.0,11.0,15.0,12.0,21.0,10.0
725000.0,770.0,11.0,14.0,18.0,18.0,10.0
726000.0,773.0,13.0,14.0,16.0,15.0,9.0
727000.0,775.0,11.0,14.0,15.0,19.0,9.0
728000.0,774.0,12.0,14.0,15.0,20.0,10.0
729000.0,770.0,11.0,14.0,16.0,21.0,8.0
730000.0,772.0,13.0,13.0,16.0,19.0,9.0
731000.0,758.0,12.0,13.0,12.0,21.0,10.0
732000.0,760.0,10.0,14.0,14.0,24.0,12.0
733000.0,766.0,11.0,12.0,14.0,24.0,10.0
734000.0,755.0,10.0,13.0,16.0,23.0,12.0
735000.0,765.0,9.0,13.0,11.0,18.0,11.0
736000.0,775.0,12.0,12.0,9.0,19.0,12.0
737000.0,779.0,11.0,15.0,11.0,19.0,9.0
738000.0,772.0,12.0,14.0,13.0,18.0,12.0
739000.0,780.0,7.0,11.0,10.0,17.0,11.0
740000.0,781.0,5.0,11.0,11.0,15.0,10.0
741000.0,784.0,5.0,14.0,15.0,16.0,11.0
742000.0,785.0,4.0,11.0,15.0,16.0,13.0
743000.0,779.0,3.0,11.0,13.0,16.0,12.0
744000.0,777.0,2.0,13.0,14.0,18.0,13.0
745000.0,783.0,1.0,16.0,14.0,17.0,11.0
746000.0,781.0,3.0,15.0,12.0,16.0,11.0
747000.0,780.0,4.0,14.0,12.0,16.0,12.0
748000.0,785.0,5.0,17.0,12.0,16.0,15.0
749000.0,775.0,6.0,13.0,12.0,14.0,15.0
750000.0,766.0,8.0,9.0,11.0,16.0,15.0
751000.0,767.0,7.0,13.0,12.0,20.0,12.0
752000.0,778.0,5.0,12.0,14.0,16.0,14.0
753000.0,785.0,6.0,13.0,12.0,16.0,10.0
754000.0,772.0,5.0,15.0,13.0,15.0,11.0
755000.0,779.0,6.0,18.0,14.0,15.0,11.0
756000.0,778.0,9.0,20.0,17.0,10.0,10.0
757000.0,780.0,6.0,17.0,16.0,12.0,11.0
758000.0,776.0,8.0,17.0,16.0,10.0,9.0
759000.0,787.0,9.0,16.0,16.0,12.0,7.0
760000.0,779.0,8.0,17.0,17.0,15.0,8.0
761000.0,771.0,9.0,19.0,14.0,16.0,11.0
762000.0,779.0,9.0,16.0,19.0,14.0,8.0
763000.0,778.0,9.0,16.0,19.0,12.0,7.0
764000.0,774.0,9.0,14.0,16.0,13.0,9.0
765000.0,792.0,7.0,13.0,16.0,12.0,8.0
766000.0,775.0,9.0,15.0,15.0,12.0,9.0
767000.0,772.0,10.0,13.0,14.0,14.0,11.0
768000.0,765.0,9.0,10.0,14.0,15.0,9.0
769000.0,765.0,8.0,11.0,15.0,15.0,10.0
770000.0,766.0,7.0,12.0,16.0,15.0,13.0
771000.0,770.0,7.0,13.0,22.0,13.0,14.0
772000.0,768.0,6.0,15.0,19.0,13.0,13.0
773000.0,771.0,6.0,15.0,17.0,12.0,14.0
774000.0,777.0,7.0,16.0,15.0,12.0,13.0
775000.0,778.0,7.0,15.0,17.0,14.0,14.0
776000.0,781.0,9.0,12.0,18.0,14.0,12.0
777000.0,771.0,11.0,11.0,19.0,14.0,12.0
778000.0,768.0,11.0,11.0,18.0,12.0,9.0
779000.0,769.0,12.0,11.0,22.0,12.0,10.0
780000.0,772.0,11.0,12.0,23.0,12.0,9.0
781000.0,755.0,14.0,14.0,24.0,12.0,10.0
782000.0,754.0,12.0,18.0,19.0,12.0,10.0
783000.0,765.0,12.0,13.0,21.0,12.0,9.0
784000.0,759.0,12.0,16.0,23.0,13.0,12.0
785000.0,745.0,16.0,13.0,20.0,15.0,12.0
786000.0,751.0,13.0,14.0,23.0,14.0,13.0
787000.0,755.0,12.0,16.0,23.0,17.0,12.0
788000.0,759.0,12.0,15.0,23.0,15.0,11.0
789000.0,757.0,10.0,15.0,23.0,16.0,12.0
790000.0,767.0,9.0,13.0,21.0,11.0,13.0
791000.0,763.0,9.0,16.0,22.0,12.0,13.0
792000.0,773.0,7.0,13.0,18.0,11.0,12.0
793000.0,770.0,9.0,11.0,19.0,12.0,12.0
794000.0,760.0,9.0,11.0,20.0,12.0,14.0
795000.0,775.0,9.0,11.0,18.0,11.0,12.0
796000.0,780.0,9.0,11.0,21.0,14.0,11.0
797000.0,762.0,8.0,11.0,22.0,12.0,11.0
798000.0,776.0,11.0,11.0,20.0,15.0,9.0
799000.0,771.0,8.0,9.0,21.0,15.0,8.0
800000.0,779.0,12.0,9.0,22.0,17.0,8.0
801000.0,775.0,8.0,9.0,23.0,12.0,8.0
802000.0,775.0,9.0,11.0,25.0,11.0,7.0
803000.0,769.0,8.0,13.0,21.0,12.0,6.0
804000.0,773.0,10.0,15.0,20.0,13.0,6.0
805000.0,777.0,10.0,15.0,19.0,12.0,6.0
806000.0,783.0,9.0,14.0,14.0,14.0,6.0
807000.0,781.0,8.0,13.0,16.0,13.0,7.0
808000.0,789.0,8.0,14.0,16.0,13.0,5.0
809000.0,783.0,8.0,13.0,19.0,14.0,4.0
810000.0,783.0,8.0,13.0,19.0,15.0,5.0
811000.0,788.0,7.0,13.0,19.0,17.0,5.0
812000.0,789.0,7.0,13.0,18.0,17.0,3.0
813000.0,784.0,12.0,11.0,18.0,17.0,3.0
814000.0,768.0,12.0,13.0,18.0,23.0,6.0
815000.0,768.0,13.0,14.0,19.0,19.0,3.0
816000.0,766.0,16.0,14.0,20.0,18.0,3.0
817000.0,768.0,16.0,13.0,16.0,20.0,5.0
818000.0,772.0,17.0,14.0,16.0,20.0,5.0
819000.0,776.0,14.0,13.0,15.0,19.0,4.0
820000.0,762.0,14.0,14.0,15.0,19.0,5.0
821000.0,758.0,15.0,16.0,12.0,20.0,5.0
822000.0,768.0,15.0,13.0,13.0,17.0,4.0
823000.0,763.0,15.0,14.0,16.0,16.0,4.0
824000.0,774.0,17.0,14.0,16.0,17.0,4.0
825000.0,774.0,17.0,13.0,15.0,16.0,5.0
826000.0,774.0,13.0,11.0,15.0,15.0,7.0
827000.0,772.0,12.0,14.0,16.0,12.0,8.0
828000.0,777.0,8.0,15.0,13.0,14.0,8.0
829000.0,782.0,12.0,14.0,13.0,13.0,7.0
830000.0,779.0,10.0,15.0,16.0,14.0,7.0
831000.0,779.0,8.0,12.0,14.0,16.0,6.0
832000.0,780.0,8.0,13.0,14.0,14.0,7.0
833000.0,771.0,5.0,14.0,16.0,23.0,5.0
834000.0,775.0,7.0,14.0,14.0,23.0,7.0
835000.0,762.0,8.0,14.0,13.0,22.0,8.0
836000.0,771.0,8.0,12.0,15.0,25.0,9.0
837000.0,777.0,8.0,15.0,14.0,23.0,6.0
838000.0,779.0,8.0,14.0,14.0,21.0,6.0
839000.0,777.0,9.0,13.0,14.0,22.0,4.0
840000.0,771.0,11.0,11.0,14.0,19.0,6.0
841000.0,776.0,12.0,13.0,12.0,20.0,11.0
842000.0,773.0,14.0,12.0,13.0,20.0,9.0
843000.0,771.0,17.0,14.0,13.0,20.0,8.0
844000.0,771.0,16.0,12.0,13.0,22.0,6.0
845000.0,782.0,14.0,10.0,13.0,23.0,6.0
846000.0,776.0,14.0,12.0,11.0,21.0,6.0
847000.0,772.0,16.0,13.0,11.0,22.0,6.0
848000.0,774.0,15.0,14.0,11.0,20.0,6.0
849000.0,780.0,15.0,12.0,12.0,19.0,6.0
850000.0,776.0,16.0,11.0,13.0,18.0,7.0
851000.0,780.0,14.0,12.0,12.0,19.0,8.0
852000.0,780.0,13.0,11.0,13.0,18.0,7.0
853000.0,777.0,12.0,10.0,12.0,20.0,9.0
854000.0,780.0,12.0,12.0,15.0,18.0,6.0
855000.0,780.0,12.0,10.0,13.0,17.0,7.0
856000.0,774.0,11.0,10.0,13.0,18.0,12.0
857000.0,764.0,11.0,11.0,11.0,16.0,11.0
858000.0,784.0,12.0,10.0,11.0,16.0,13.0
859000.0,780.0,12.0,10.0,13.0,16.0,12.0
860000.0,774.0,13.0,9.0,15.0,17.0,9.0
861000.0,776.0,13.0,10.0,12.0,18.0,8.0
862000.0,780.0,14.0,6.0,12.0,16.0,12.0
863000.0,775.0,13.0,5.0,12.0,17.0,12.0
864000.0,778.0,12.0,5.0,12.0,19.0,14.0
865000.0,773.0,9.0,5.0,18.0,16.0,14.0
866000.0,772.0,10.0,4.0,19.0,14.0,16.0
867000.0,769.0,10.0,7.0,21.0,16.0,16.0
868000.0,781.0,9.0,7.0,22.0,13.0,13.0
869000.0,776.0,11.0,7.0,21.0,10.0,11.0
870000.0,785.0,10.0,6.0,16.0,10.0,13.0
871000.0,770.0,12.0,6.0,15.0,14.0,19.0
872000.0,770.0,9.0,5.0,17.0,15.0,20.0
873000.0,778.0,9.0,4.0,17.0,16.0,16.0
874000.0,778.0,14.0,2.0,20.0,13.0,12.0
875000.0,767.0,14.0,2.0,20.0,13.0,15.0
876000.0,781.0,13.0,3.0,20.0,11.0,12.0
877000.0,793.0,8.0,3.0,21.0,9.0,14.0
878000.0,783.0,10.0,4.0,18.0,10.0,14.0
879000.0,788.0,11.0,3.0,18.0,9.0,15.0
880000.0,787.0,9.0,3.0,17.0,8.0,14.0
881000.0,788.0,10.0,6.0,14.0,8.0,14.0
882000.0,781.0,13.0,6.0,16.0,8.0,13.0
883000.0,787.0,14.0,5.0,17.0,9.0,15.0
884000.0,783.0,13.0,5.0,15.0,9.0,14.0
885000.0,782.0,13.0,5.0,15.0,8.0,15.0
886000.0,788.0,14.0,6.0,14.0,8.0,14.0
887000.0,790.0,15.0,5.0,14.0,8.0,11.0
888000.0,781.0,10.0,5.0,15.0,10.0,17.0
889000.0,784.0,11.0,6.0,14.0,14.0,16.0
890000.0,775.0,10.0,8.0,15.0,13.0,13.0
891000.0,772.0,12.0,8.0,15.0,12.0,12.0
892000.0,781.0,9.0,9.0,15.0,14.0,11.0
893000.0,781.0,8.0,9.0,15.0,12.0,12.0
894000.0,779.0,7.0,8.0,14.0,13.0,12.0
895000.0,789.0,9.0,8.0,13.0,16.0,12.0
896000.0,788.0,10.0,7.0,10.0,15.0,13.0
897000.0,783.0,10.0,7.0,12.0,14.0,10.0
898000.0,790.0,10.0,7.0,11.0,12.0,13.0
899000.0,784.0,9.0,7.0,11.0,15.0,13.0
900000.0,785.0,12.0,6.0,10.0,12.0,11.0
901000.0,793.0,15.0,6.0,12.0,11.0,10.0
902000.0,790.0,12.0,6.0,11.0,11.0,11.0
903000.0,790.0,10.0,6.0,13.0,13.0,10.0
904000.0,799.0,9.0,6.0,14.0,10.0,10.0
905000.0,804.0,8.0,5.0,13.0,9.0,11.0
906000.0,805.0,8.0,5.0,12.0,9.0,9.0
907000.0,796.0,9.0,5.0,12.0,8.0,11.0
908000.0,791.0,7.0,6.0,12.0,8.0,11.0
909000.0,805.0,7.0,6.0,10.0,7.0,11.0
910000.0,808.0,8.0,4.0,10.0,5.0,12.0
911000.0,802.0,9.0,5.0,9.0,6.0,12.0
912000.0,804.0,9.0,5.0,9.0,6.0,10.0
913000.0,800.0,7.0,6.0,8.0,6.0,12.0
914000.0,813.0,6.0,6.0,9.0,6.0,12.0
915000.0,811.0,8.0,5.0,10.0,6.0,10.0
916000.0,800.0,11.0,7.0,8.0,7.0,10.0
917000.0,802.0,13.0,8.0,9.0,7.0,10.0
918000.0,797.0,13.0,8.0,9.0,6.0,13.0
919000.0,792.0,13.0,7.0,11.0,7.0,10.0
920000.0,788.0,11.0,7.0,8.0,11.0,11.0
921000.0,790.0,15.0,7.0,10.0,11.0,12.0
922000.0,794.0,14.0,6.0,10.0,11.0,13.0
923000.0,792.0,13.0,8.0,10.0,10.0,14.0
924000.0,794.0,16.0,6.0,11.0,10.0,11.0
925000.0,774.0,14.0,6.0,14.0,12.0,11.0
926000.0,782.0,17.0,7.0,13.0,10.0,10.0
927000.0,783.0,18.0,8.0,11.0,8.0,7.0
928000.0,799.0,14.0,7.0,13.0,8.0,6.0
929000.0,797.0,14.0,7.0,11.0,8.0,5.0
930000.0,804.0,11.0,6.0,12.0,8.0,6.0
931000.0,803.0,11.0,7.0,11.0,8.0,7.0
932000.0,795.0,12.0,9.0,12.0,7.0,6.0
933000.0,785.0,12.0,8.0,15.0,9.0,6.0
934000.0,797.0,11.0,8.0,15.0,10.0,6.0
935000.0,789.0,12.0,9.0,15.0,9.0,5.0
936000.0,786.0,15.0,8.0,14.0,11.0,8.0
937000.0,779.0,13.0,8.0,15.0,14.0,10.0
938000.0,784.0,13.0,8.0,15.0,13.0,10.0
939000.0,780.0,14.0,8.0,13.0,15.0,9.0
940000.0,781.0,14.0,10.0,16.0,14.0,9.0
941000.0,781.0,15.0,10.0,14.0,12.0,8.0
942000.0,782.0,17.0,6.0,11.0,16.0,11.0
943000.0,777.0,17.0,8.0,12.0,14.0,9.0
944000.0,761.0,18.0,8.0,14.0,16.0,10.0
945000.0,771.0,18.0,9.0,14.0,15.0,11.0
946000.0,770.0,20.0,7.0,14.0,17.0,9.0
947000.0,765.0,17.0,4.0,14.0,15.0,10.0
948000.0,779.0,14.0,3.0,11.0,16.0,10.0
949000.0,789.0,14.0,6.0,11.0,17.0,9.0
950000.0,777.0,15.0,6.0,10.0,18.0,9.0
951000.0,783.0,13.0,6.0,8.0,17.0,9.0
952000.0,786.0,13.0,8.0,10.0,18.0,9.0
953000.0,778.0,12.0,6.0,10.0,17.0,10.0
954000.0,779.0,12.0,6.0,10.0,19.0,8.0
955000.0,795.0,13.0,6.0,7.0,18.0,8.0
956000.0,795.0,12.0,5.0,7.0,19.0,7.0
957000.0,790.0,11.0,5.0,8.0,17.0,7.0
958000.0,783.0,11.0,4.0,10.0,14.0,7.0
959000.0,794.0,15.0,6.0,10.0,12.0,9.0
960000.0,789.0,14.0,6.0,11.0,12.0,11.0
961000.0,788.0,10.0,9.0,10.0,11.0,8.0
962000.0,796.0,10.0,9.0,9.0,12.0,8.0
963000.0,789.0,11.0,8.0,10.0,12.0,9.0
964000.0,780.0,10.0,8.0,13.0,13.0,9.0
965000.0,795.0,9.0,6.0,14.0,15.0,9.0
966000.0,784.0,11.0,7.0,15.0,14.0,7.0
967000.0,782.0,11.0,7.0,14.0,19.0,6.0
968000.0,794.0,8.0,7.0,13.0,18.0,4.0
969000.0,792.0,9.0,7.0,14.0,18.0,5.0
970000.0,791.0,10.0,6.0,12.0,18.0,7.0
971000.0,802.0,11.0,6.0,12.0,17.0,6.0
972000.0,786.0,13.0,6.0,11.0,21.0,6.0
973000.0,781.0,14.0,6.0,7.0,23.0,6.0
974000.0,783.0,17.0,6.0,7.0,21.0,8.0
975000.0,787.0,18.0,7.0,7.0,21.0,8.0
976000.0,781.0,19.0,6.0,10.0,19.0,5.0
977000.0,783.0,16.0,8.0,11.0,19.0,7.0
978000.0,777.0,18.0,8.0,10.0,21.0,5.0
979000.0,781.0,19.0,9.0,13.0,20.0,4.0
980000.0,775.0,19.0,7.0,11.0,16.0,7.0
981000.0,779.0,16.0,10.0,10.0,18.0,7.0
982000.0,789.0,17.0,6.0,9.0,16.0,7.0
983000.0,790.0,16.0,7.0,8.0,14.0,9.0
984000.0,788.0,16.0,7.0,9.0,14.0,11.0
985000.0,789.0,14.0,7.0,11.0,13.0,11.0
986000.0,791.0,14.0,6.0,9.0,14.0,11.0
987000.0,790.0,15.0,6.0,10.0,13.0,11.0
988000.0,774.0,15.0,7.0,10.0,15.0,11.0
989000.0,779.0,14.0,6.0,11.0,15.0,10.0
990000.0,777.0,12.0,12.0,10.0,18.0,7.0
991000.0,781.0,15.0,11.0,10.0,13.0,5.0
992000.0,784.0,17.0,10.0,10.0,12.0,8.0
993000.0,785.0,14.0,7.0,12.0,14.0,8.0
994000.0,797.0,12.0,6.0,11.0,12.0,7.0
995000.0,786.0,13.0,5.0,10.0,12.0,9.0
996000.0,782.0,17.0,6.0,11.0,13.0,9.0
997000.0,780.0,14.0,5.0,10.0,18.0,6.0
998000.0,784.0,14.0,5.0,8.0,17.0,5.0
999000.0,778.0,20.0,8.0,10.0,18.0,5.0
